4201
4202
4203
4207
4211
4212
4213
4217
4219
4221
4222
4226
4227
4228
4229
4233
4239
4243
4252
4256
4261
4265
4273
4274
4279
4282
4286
4288
4295
4297
4299
4300
4301
4302
4305
4309
4311
4312
4315
4316
4319
4320
4322
4323
4324
4326
4327
4331
4334
4335
4336
4337
4339
4341
4343
4344
4347
4349
4350
4352
4358
4360
4361
4365
4366
4367
4368
4369
4370
4371
4372
4374
4376
4378
4379
4380
4381
4382
4385
4386
4387
4388
4392
4394
4395
4397
4400
4402
4403
4404
4407
4408
4409
4410
4411
4412
4414
4415
4417
4418
4419
4422
4423
4424
4425
4427
4428
4429
4430
4431
4432
4433
4434
4435
4436
4437
4442
4444
4446
4449
4451
4453
4454
4456
4460
4461
4463
4467
4470
4471
4472
4473
4478
4479
4481
4482
4484
4485
4487
4488
4489
4493
4494
4495
4496
4500
4505
4506
4507
4509
2463
4512
4513
4514
4515
4516
4511
4519
4520
4522
4523
4524
4525
4527
4529
4530
4531
4533
4535
4537
4539
4540
4545
4548
4549
4551
4553
4556
4557
4558
4559
4560
4561
4563
4564
4569
4572
4573
4575
4577
4579
4580
